                    mean       std      2.5q       25q       50q       75q     97.5q    mc err
a               1.613684  0.073450  1.475800  1.565214  1.610852  1.658850  1.770761  0.001217
a_std           0.255074  0.063735  0.162245  0.210421  0.243639  0.289282  0.406766  0.001340
a_subj.1.0      1.943395  0.082713  1.786050  1.885326  1.940294  1.999386  2.110483  0.001702
a_subj.2.0      1.879245  0.078859  1.729396  1.824686  1.876975  1.933302  2.036567  0.001765
a_subj.3.0      1.354014  0.063637  1.234187  1.309203  1.351130  1.395876  1.485095  0.001442
a_subj.4.0      1.524388  0.069245  1.392957  1.477670  1.522262  1.570916  1.661197  0.001733
a_subj.5.0      1.750598  0.084864  1.590485  1.692706  1.747298  1.806075  1.926331  0.001921
a_subj.6.0      1.747337  0.072907  1.611884  1.695947  1.745612  1.796829  1.894704  0.001553
a_subj.7.0      1.788841  0.080068  1.641175  1.732887  1.785501  1.841838  1.952985  0.001734
a_subj.8.0      1.600721  0.076862  1.457399  1.548436  1.597912  1.651977  1.757530  0.001702
a_subj.9.0      1.621743  0.076921  1.482165  1.569774  1.617824  1.668554  1.784424  0.001813
a_subj.10.0     1.435639  0.068270  1.305649  1.388944  1.434220  1.481590  1.572732  0.001737
a_subj.11.0     1.419035  0.058632  1.309652  1.378459  1.418025  1.458175  1.538231  0.001266
a_subj.12.0     1.814892  0.076489  1.670723  1.761956  1.812464  1.865634  1.968979  0.001710
a_subj.13.0     1.244829  0.055588  1.143789  1.205613  1.242774  1.281656  1.357928  0.001238
a_subj.14.0     1.403886  0.057050  1.300196  1.363436  1.400792  1.441957  1.520617  0.001162
v(c)            1.411966  0.161157  1.097432  1.305746  1.410444  1.517632  1.728165  0.002195
v(u)            0.631853  0.156342  0.315897  0.527632  0.633246  0.737110  0.929889  0.002046
v_std           0.557387  0.094588  0.399594  0.490762  0.547707  0.612976  0.766647  0.001758
v_subj(c).1.0   1.112472  0.140725  0.843613  1.017791  1.110363  1.205733  1.391351  0.002093
v_subj(u).1.0   0.530024  0.123063  0.289160  0.445532  0.529264  0.613710  0.772513  0.001597
v_subj(c).2.0   0.982212  0.128287  0.741276  0.891961  0.982806  1.067793  1.243186  0.001718
v_subj(u).2.0   0.524281  0.135755  0.263493  0.430743  0.522563  0.616227  0.790805  0.001917
v_subj(c).3.0   2.752071  0.251642  2.265797  2.577136  2.751384  2.922885  3.246074  0.004607
v_subj(u).3.0   0.959112  0.175215  0.628187  0.838938  0.956566  1.080194  1.296299  0.002140
v_subj(c).4.0   0.468993  0.145732  0.189703  0.370939  0.466392  0.565036  0.762224  0.002201
v_subj(u).4.0   0.222987  0.145678 -0.062514  0.124516  0.223635  0.321989  0.511637  0.002032
v_subj(c).5.0   0.763400  0.133830  0.504830  0.673711  0.760942  0.852090  1.035599  0.001662
v_subj(u).5.0   0.203619  0.135498 -0.063882  0.113172  0.203426  0.293641  0.472258  0.001675
v_subj(c).6.0   1.073138  0.154008  0.777546  0.967308  1.071578  1.174618  1.377932  0.002067
v_subj(u).6.0   0.543094  0.131209  0.282640  0.455290  0.543988  0.631812  0.799632  0.001586
v_subj(c).7.0   1.630996  0.203682  1.243886  1.489122  1.632007  1.769154  2.032353  0.003257
v_subj(u).7.0   0.441714  0.125716  0.198219  0.356561  0.441260  0.526322  0.689534  0.001566
v_subj(c).8.0   1.851304  0.192879  1.488834  1.721612  1.845443  1.978439  2.244325  0.003003
v_subj(u).8.0   0.597830  0.144976  0.324578  0.498013  0.595054  0.697125  0.880105  0.002006
v_subj(c).9.0   2.040977  0.192651  1.672289  1.912265  2.035474  2.169548  2.424078  0.002940
v_subj(u).9.0   0.887933  0.146905  0.606439  0.788562  0.888675  0.983691  1.180261  0.001891
v_subj(c).10.0  1.505467  0.175158  1.165217  1.388984  1.504952  1.623054  1.851996  0.002422
v_subj(u).10.0  0.434300  0.152161  0.143733  0.330901  0.433398  0.536623  0.736999  0.002193
v_subj(c).11.0  1.231314  0.183072  0.873976  1.106671  1.232242  1.355235  1.596300  0.002445
v_subj(u).11.0  0.726542  0.158491  0.420904  0.616683  0.728623  0.834250  1.034293  0.001911
v_subj(c).12.0  1.133606  0.144866  0.861590  1.033727  1.129762  1.229710  1.426957  0.001972
v_subj(u).12.0  0.612304  0.129727  0.362645  0.526413  0.613735  0.698580  0.872201  0.001482
v_subj(c).13.0  2.407460  0.244217  1.932690  2.244247  2.407911  2.570651  2.880743  0.003900
v_subj(u).13.0  0.838911  0.180024  0.489822  0.715329  0.838799  0.957996  1.196075  0.002488
v_subj(c).14.0  0.797155  0.155769  0.493668  0.689473  0.796311  0.900545  1.108684  0.001960
v_subj(u).14.0  1.261435  0.186979  0.906151  1.133415  1.257123  1.385521  1.633583  0.002959
t(c)            0.263438  0.020164  0.225630  0.249500  0.263028  0.276493  0.304579  0.000330
t(u)            0.291248  0.020401  0.251776  0.277693  0.291091  0.304423  0.332846  0.000335
t_std           0.072883  0.012472  0.052616  0.064024  0.071525  0.080258  0.101524  0.000247
t_subj(c).1.0   0.376831  0.022482  0.328133  0.362685  0.378685  0.392884  0.415464  0.000421
t_subj(u).1.0   0.366752  0.026204  0.310010  0.350729  0.368762  0.384558  0.413450  0.000490
t_subj(c).2.0   0.271100  0.020513  0.227169  0.258137  0.272910  0.285293  0.306801  0.000378
t_subj(u).2.0   0.238262  0.036722  0.177076  0.211386  0.231271  0.267450  0.309816  0.000837
t_subj(c).3.0   0.203559  0.007911  0.186192  0.198868  0.204080  0.209009  0.217790  0.000146
t_subj(u).3.0   0.194203  0.010383  0.171989  0.187792  0.194740  0.201102  0.212087  0.000174
t_subj(c).4.0   0.234152  0.037750  0.163352  0.208010  0.239897  0.255631  0.306213  0.001063
t_subj(u).4.0   0.287689  0.031376  0.230215  0.266574  0.289799  0.309031  0.339924  0.000680
t_subj(c).5.0   0.316444  0.022112  0.271076  0.302849  0.316852  0.330503  0.361203  0.000420
t_subj(u).5.0   0.339662  0.025813  0.281948  0.324273  0.342168  0.357731  0.383770  0.000488
t_subj(c).6.0   0.272442  0.018161  0.232371  0.261166  0.273778  0.285236  0.304970  0.000342
t_subj(u).6.0   0.321158  0.019630  0.279340  0.308526  0.322501  0.334918  0.356258  0.000359
t_subj(c).7.0   0.232258  0.038593  0.150459  0.199327  0.246487  0.261442  0.283775  0.001099
t_subj(u).7.0   0.218013  0.022543  0.176126  0.203932  0.217000  0.229987  0.268078  0.000381
t_subj(c).8.0   0.233073  0.013394  0.204717  0.224434  0.233699  0.242474  0.256953  0.000230
t_subj(u).8.0   0.279237  0.032730  0.218581  0.249830  0.284825  0.307558  0.328344  0.000762
t_subj(c).9.0   0.206169  0.014496  0.173904  0.197937  0.207190  0.216009  0.230864  0.000308
t_subj(u).9.0   0.264257  0.020556  0.220942  0.252859  0.264589  0.275806  0.304078  0.000432
t_subj(c).10.0  0.198963  0.011407  0.174626  0.191617  0.199801  0.207360  0.218627  0.000237
t_subj(u).10.0  0.191189  0.027953  0.147858  0.168804  0.181906  0.218460  0.239957  0.000839
t_subj(c).11.0  0.249428  0.016767  0.205458  0.243316  0.251892  0.259391  0.272208  0.000391
t_subj(u).11.0  0.296650  0.012863  0.267465  0.289418  0.297882  0.305531  0.317677  0.000245
t_subj(c).12.0  0.186872  0.021309  0.147408  0.172108  0.185269  0.200881  0.229797  0.000368
t_subj(u).12.0  0.344700  0.023899  0.293595  0.330194  0.346522  0.361013  0.387060  0.000480
t_subj(c).13.0  0.239177  0.008469  0.222800  0.233829  0.238945  0.244046  0.257321  0.000159
t_subj(u).13.0  0.316331  0.010348  0.293808  0.309824  0.317190  0.323722  0.333798  0.000196
t_subj(c).14.0  0.430640  0.013283  0.402174  0.422765  0.431180  0.439066  0.456455  0.000226
t_subj(u).14.0  0.391337  0.012457  0.364060  0.383561  0.392456  0.400118  0.412137  0.000227
p_outlier       0.068490  0.007252  0.054807  0.063597  0.068355  0.073310  0.082990  0.000156
DIC: 4810.705453
deviance: 4751.100178
pD: 59.605275